3 5        5 8        1
 2 3
3 5
     5
        8
           1
              2 3
4 1 2 1 4 5 4 5 2
6 6 3 8 2 8 1 4 1 4 2 5 3
4 1 3 1 8 11 8 11 3
4 2 3 2 8 11 8 11 3
4 2 3 2 8 11 8 11 3
4 1 3 1 8 11 8 11 3
4 1 3 1 8 11 8 11 3
4 2 3 2 11 15 11 15 3
4 2 3 2 11 15 11 15 3
4 1 3 1 8 11 8 11 3
4 1 3 1 8 11 8 11 3
4 11 3 11 8 15 8 15 3
4 11 3 11 8 15 8 15 3
4 1 3 1 8 11 8 11 3
4 1 3 1 8 11 8 11 3
4 2 2 2 10 9 10 9 2
4 2 2 2 10 9 10 9 2
4 1 3 1 8 11 8 11 3
4 0 2 0 12 12 12 12 0
4 1 3 1 8 11 8 11 3
4 1 3 1 8 11 8 11 3
4 0 2 0 12 12 12 12 0
4 1 3 1 8 11 8 11 3
3 1 3 1 8 11 3
3 1 3 1 8 11 3
4 1 3 1 8 11 8 11 3
5 1 3 1 4 1 8 11 8 11 3
4 1 3 1 8 11 8 11 3
4 1 3 1 8 11 8 11 3
5 1 3 1 4 1 8 11 8 11 3
5 1 3 1 4 1 8 11 8 11 3
6 1 3 1 5 1 7 1 8 11 8 11 3
6 1 3 1 5 1 7 1 8 11 8 11 3
5 1 3 1 4 1 8 11 8 11 3
5 1 3 1 4 1 8 11 8 11 3
7 1 3 1 4 1 5 1 7 1 8 11 8 11 3
7 1 3 1 4 1 5 1 7 1 8 11 8 11 3
5 1 3 1 4 1 8 11 8 11 3
5 1 3 1 4 1 8 11 8 11 3
7 1 3 1 8 11 8 11 7 11 5 11 4 11 3
7 1 3 1 8 11 8 11 7 11 5 11 4 11 3
5 1 3 1 4 1 8 11 8 11 3
3 1 0 2 2 3 0
3 1 4 3 4 2 2
3 1 4 3 4 2 2
3 1 0 2 2 3 0
3 1 4 3 4 2 2
3 2 4 3 4 2 2
3 2 4 3 4 2 2
3 1 4 3 4 2 2
3 1 4 3 4 2 2
3 5 4 6 6 7 4
3 5 4 6 6 7 4
3 1 4 3 4 2 2
5 3 1 2 4 3 5 4 4 5 2
3 2 4 2 5 4 4
3 2 4 2 5 4 4
5 3 1 2 4 3 5 4 4 5 2
0
